1644619668137013335 1644619671542788195 1644619676206854155 1644619678937346227 1644619680430518296 
1644619671542788195 1644619674592047132 1644619676206854155 1644619678937346227 1644619680430518296 
1644619668137013335 1644619674592047132 1644619676206854155 1644619677309956223 1644619678937346227 
1644619668137013335 1644619671542788195 1644619674592047132 1644619676206854155 1644619677309956223 1644619678937346227 
1644619668137013335 1644619671542788195 1644619674592047132 1644619677309956223 1644619678937346227 
1644619668137013335 1644619671542788195 1644619676206854155 1644619677309956223 1644619678937346227 
1644619671542788195 1644619674592047132 1644619676206854155 1644619677309956223 1644619678937346227 
1644619668137013335 1644619671542788195 1644619674592047132 1644619676206854155 1644619678937346227 
1644619666186661916 1644619668137013335 1644619671739920491 1644619674592047132 1644619676206854155 
1644619666186661916 1644619668137013335 1644619671542788195 1644619671739920491 1644619674592047132 1644619676206854155 
1644619666186661916 1644619668137013335 1644619671542788195 1644619671739920491 1644619674592047132 
1644619666186661916 1644619668137013335 1644619671542788195 1644619671739920491 1644619676206854155 
1644619666186661916 1644619671542788195 1644619671739920491 1644619674592047132 1644619676206854155 
1644619671739920491 1644619674592047132 1644619676206854155 1644619677309956223 1644619680430518296 
1644619671542788195 1644619671739920491 1644619674592047132 1644619676206854155 1644619677309956223 1644619680430518296 
1644619671542788195 1644619671739920491 1644619674592047132 1644619677309956223 1644619680430518296 
1644619671542788195 1644619671739920491 1644619676206854155 1644619677309956223 1644619680430518296 
1644619668137013335 1644619671739920491 1644619674592047132 1644619676206854155 1644619680430518296 
1644619668137013335 1644619671542788195 1644619671739920491 1644619674592047132 1644619676206854155 1644619680430518296 
1644619668137013335 1644619671542788195 1644619671739920491 1644619674592047132 1644619680430518296 
1644619668137013335 1644619671542788195 1644619671739920491 1644619676206854155 1644619680430518296 
1644619671542788195 1644619671739920491 1644619674592047132 1644619676206854155 1644619680430518296 
1644619668137013335 1644619671739920491 1644619674592047132 1644619676206854155 1644619677309956223 
1644619668137013335 1644619671542788195 1644619671739920491 1644619674592047132 1644619676206854155 1644619677309956223 
1644619668137013335 1644619671542788195 1644619671739920491 1644619674592047132 1644619677309956223 
1644619668137013335 1644619671542788195 1644619671739920491 1644619676206854155 1644619677309956223 
1644619671542788195 1644619671739920491 1644619674592047132 1644619676206854155 1644619677309956223 
1644619668137013335 1644619671542788195 1644619671739920491 1644619674592047132 1644619676206854155 
1644619668137013335 1644619668321562670 1644619671542788195 1644619676206854155 1644619682108239961 
1644619668321562670 1644619671542788195 1644619674592047132 1644619676206854155 1644619682108239961 
1644619666186661916 1644619671542788195 1644619676206854155 1644619676273963042 1644619682108239961 
1644619668137013335 1644619676206854155 1644619676273963042 1644619680430518296 1644619682108239961 
1644619668137013335 1644619671542788195 1644619676206854155 1644619676273963042 1644619680430518296 1644619682108239961 
1644619668137013335 1644619671542788195 1644619676273963042 1644619680430518296 1644619682108239961 
1644619674592047132 1644619676206854155 1644619676273963042 1644619680430518296 1644619682108239961 
1644619671542788195 1644619674592047132 1644619676206854155 1644619676273963042 1644619680430518296 1644619682108239961 
1644619671542788195 1644619674592047132 1644619676273963042 1644619680430518296 1644619682108239961 
1644619671542788195 1644619676206854155 1644619676273963042 1644619680430518296 1644619682108239961 
1644619668137013335 1644619674592047132 1644619676273963042 1644619677309956223 1644619682108239961 
1644619668137013335 1644619674592047132 1644619676206854155 1644619676273963042 1644619677309956223 1644619682108239961 
1644619668137013335 1644619671542788195 1644619674592047132 1644619676206854155 1644619676273963042 1644619677309956223 1644619682108239961 
1644619668137013335 1644619671542788195 1644619674592047132 1644619676273963042 1644619677309956223 1644619682108239961 
1644619668137013335 1644619676206854155 1644619676273963042 1644619677309956223 1644619682108239961 
1644619668137013335 1644619671542788195 1644619676206854155 1644619676273963042 1644619677309956223 1644619682108239961 
1644619668137013335 1644619671542788195 1644619676273963042 1644619677309956223 1644619682108239961 
1644619674592047132 1644619676206854155 1644619676273963042 1644619677309956223 1644619682108239961 
1644619671542788195 1644619674592047132 1644619676206854155 1644619676273963042 1644619677309956223 1644619682108239961 
1644619671542788195 1644619674592047132 1644619676273963042 1644619677309956223 1644619682108239961 
1644619671542788195 1644619676206854155 1644619676273963042 1644619677309956223 1644619682108239961 
1644619668137013335 1644619674592047132 1644619676206854155 1644619676273963042 1644619682108239961 
1644619668137013335 1644619671542788195 1644619674592047132 1644619676206854155 1644619676273963042 1644619682108239961 
1644619668137013335 1644619671542788195 1644619674592047132 1644619676273963042 1644619682108239961 
1644619668137013335 1644619671542788195 1644619676206854155 1644619676273963042 1644619682108239961 
1644619671542788195 1644619674592047132 1644619676206854155 1644619676273963042 1644619682108239961 
1644619666186661916 1644619674592047132 1644619676206854155 1644619680430518296 1644619682108239961 
1644619666186661916 1644619671542788195 1644619674592047132 1644619676206854155 1644619680430518296 1644619682108239961 
1644619666186661916 1644619671542788195 1644619674592047132 1644619680430518296 1644619682108239961 
1644619666186661916 1644619671542788195 1644619676206854155 1644619680430518296 1644619682108239961 
1644619666186661916 1644619668137013335 1644619674592047132 1644619677309956223 1644619682108239961 
1644619666186661916 1644619668137013335 1644619674592047132 1644619676206854155 1644619677309956223 1644619682108239961 
1644619666186661916 1644619668137013335 1644619671542788195 1644619674592047132 1644619676206854155 1644619677309956223 1644619682108239961 
1644619666186661916 1644619668137013335 1644619671542788195 1644619674592047132 1644619677309956223 1644619682108239961 
1644619666186661916 1644619668137013335 1644619676206854155 1644619677309956223 1644619682108239961 
1644619666186661916 1644619668137013335 1644619671542788195 1644619676206854155 1644619677309956223 1644619682108239961 
1644619666186661916 1644619668137013335 1644619671542788195 1644619677309956223 1644619682108239961 
1644619666186661916 1644619674592047132 1644619676206854155 1644619677309956223 1644619682108239961 
1644619666186661916 1644619671542788195 1644619674592047132 1644619676206854155 1644619677309956223 1644619682108239961 
1644619666186661916 1644619671542788195 1644619674592047132 1644619677309956223 1644619682108239961 
1644619666186661916 1644619671542788195 1644619676206854155 1644619677309956223 1644619682108239961 
1644619666186661916 1644619668137013335 1644619674592047132 1644619676206854155 1644619682108239961 
1644619666186661916 1644619668137013335 1644619671542788195 1644619674592047132 1644619676206854155 1644619682108239961 
1644619666186661916 1644619668137013335 1644619671542788195 1644619674592047132 1644619682108239961 
1644619666186661916 1644619668137013335 1644619671542788195 1644619676206854155 1644619682108239961 
1644619666186661916 1644619671542788195 1644619674592047132 1644619676206854155 1644619682108239961 
1644619668137013335 1644619676206854155 1644619677309956223 1644619680430518296 1644619682108239961 
1644619668137013335 1644619671542788195 1644619676206854155 1644619677309956223 1644619680430518296 1644619682108239961 
1644619668137013335 1644619671542788195 1644619677309956223 1644619680430518296 1644619682108239961 
1644619674592047132 1644619676206854155 1644619677309956223 1644619680430518296 1644619682108239961 
1644619671542788195 1644619674592047132 1644619676206854155 1644619677309956223 1644619680430518296 1644619682108239961 
1644619671542788195 1644619674592047132 1644619677309956223 1644619680430518296 1644619682108239961 
1644619671542788195 1644619676206854155 1644619677309956223 1644619680430518296 1644619682108239961 
1644619668137013335 1644619674592047132 1644619676206854155 1644619680430518296 1644619682108239961 
1644619668137013335 1644619671542788195 1644619674592047132 1644619676206854155 1644619680430518296 1644619682108239961 
1644619668137013335 1644619671542788195 1644619674592047132 1644619680430518296 1644619682108239961 
1644619668137013335 1644619671542788195 1644619676206854155 1644619680430518296 1644619682108239961 
1644619671542788195 1644619674592047132 1644619676206854155 1644619680430518296 1644619682108239961 
1644619668137013335 1644619674592047132 1644619676206854155 1644619677309956223 1644619682108239961 
1644619668137013335 1644619671542788195 1644619674592047132 1644619676206854155 1644619677309956223 1644619682108239961 
1644619668137013335 1644619671542788195 1644619674592047132 1644619677309956223 1644619682108239961 
1644619668137013335 1644619671542788195 1644619676206854155 1644619677309956223 1644619682108239961 
1644619671542788195 1644619674592047132 1644619676206854155 1644619677309956223 1644619682108239961 
1644619668137013335 1644619671542788195 1644619674592047132 1644619676206854155 1644619682108239961 
1644619668321562670 1644619671542788195 1644619672973045827 1644619674592047132 1644619676206854155 
1644619671542788195 1644619672973045827 1644619676206854155 1644619676273963042 1644619677309956223 
1644619668137013335 1644619672973045827 1644619674592047132 1644619676206854155 1644619676273963042 
1644619668137013335 1644619671542788195 1644619672973045827 1644619674592047132 1644619676206854155 1644619676273963042 
1644619668137013335 1644619671542788195 1644619672973045827 1644619674592047132 1644619676273963042 
1644619668137013335 1644619671542788195 1644619672973045827 1644619676206854155 1644619676273963042 
1644619671542788195 1644619672973045827 1644619674592047132 1644619676206854155 1644619676273963042 
1644619666186661916 1644619672973045827 1644619674592047132 1644619676206854155 1644619680430518296 
1644619666186661916 1644619671542788195 1644619672973045827 1644619674592047132 1644619676206854155 1644619680430518296 
1644619666186661916 1644619671542788195 1644619672973045827 1644619674592047132 1644619680430518296 
1644619666186661916 1644619671542788195 1644619672973045827 1644619676206854155 1644619680430518296 
1644619666186661916 1644619668137013335 1644619672973045827 1644619674592047132 1644619677309956223 
1644619666186661916 1644619668137013335 1644619672973045827 1644619674592047132 1644619676206854155 1644619677309956223 
1644619666186661916 1644619668137013335 1644619671542788195 1644619672973045827 1644619674592047132 1644619676206854155 1644619677309956223 
1644619666186661916 1644619668137013335 1644619671542788195 1644619672973045827 1644619674592047132 1644619677309956223 
1644619666186661916 1644619668137013335 1644619672973045827 1644619676206854155 1644619677309956223 
1644619666186661916 1644619668137013335 1644619671542788195 1644619672973045827 1644619676206854155 1644619677309956223 
1644619666186661916 1644619668137013335 1644619671542788195 1644619672973045827 1644619677309956223 
1644619666186661916 1644619672973045827 1644619674592047132 1644619676206854155 1644619677309956223 
1644619666186661916 1644619671542788195 1644619672973045827 1644619674592047132 1644619676206854155 1644619677309956223 
1644619666186661916 1644619671542788195 1644619672973045827 1644619674592047132 1644619677309956223 
1644619666186661916 1644619671542788195 1644619672973045827 1644619676206854155 1644619677309956223 
1644619666186661916 1644619668137013335 1644619672973045827 1644619674592047132 1644619676206854155 
1644619666186661916 1644619668137013335 1644619671542788195 1644619672973045827 1644619674592047132 1644619676206854155 
1644619666186661916 1644619668137013335 1644619671542788195 1644619672973045827 1644619674592047132 
1644619666186661916 1644619668137013335 1644619671542788195 1644619672973045827 1644619676206854155 
1644619666186661916 1644619671542788195 1644619672973045827 1644619674592047132 1644619676206854155 
1644619668137013335 1644619672973045827 1644619674592047132 1644619677309956223 1644619680430518296 
1644619668137013335 1644619672973045827 1644619674592047132 1644619676206854155 1644619677309956223 1644619680430518296 
1644619668137013335 1644619671542788195 1644619672973045827 1644619674592047132 1644619676206854155 1644619677309956223 1644619680430518296 
1644619668137013335 1644619671542788195 1644619672973045827 1644619674592047132 1644619677309956223 1644619680430518296 
1644619668137013335 1644619672973045827 1644619676206854155 1644619677309956223 1644619680430518296 
1644619668137013335 1644619671542788195 1644619672973045827 1644619676206854155 1644619677309956223 1644619680430518296 
1644619668137013335 1644619671542788195 1644619672973045827 1644619677309956223 1644619680430518296 
1644619672973045827 1644619674592047132 1644619676206854155 1644619677309956223 1644619680430518296 
1644619671542788195 1644619672973045827 1644619674592047132 1644619676206854155 1644619677309956223 1644619680430518296 
1644619671542788195 1644619672973045827 1644619674592047132 1644619677309956223 1644619680430518296 
1644619671542788195 1644619672973045827 1644619676206854155 1644619677309956223 1644619680430518296 
1644619668137013335 1644619672973045827 1644619674592047132 1644619676206854155 1644619680430518296 
1644619668137013335 1644619671542788195 1644619672973045827 1644619674592047132 1644619676206854155 1644619680430518296 
1644619668137013335 1644619671542788195 1644619672973045827 1644619674592047132 1644619680430518296 
1644619668137013335 1644619671542788195 1644619672973045827 1644619676206854155 1644619680430518296 
1644619671542788195 1644619672973045827 1644619674592047132 1644619676206854155 1644619680430518296 
1644619668137013335 1644619672973045827 1644619674592047132 1644619676206854155 1644619677309956223 
1644619668137013335 1644619671542788195 1644619672973045827 1644619674592047132 1644619676206854155 1644619677309956223 
1644619668137013335 1644619671542788195 1644619672973045827 1644619674592047132 1644619677309956223 
1644619668137013335 1644619671542788195 1644619672973045827 1644619676206854155 1644619677309956223 
1644619671542788195 1644619672973045827 1644619674592047132 1644619676206854155 1644619677309956223 
1644619668137013335 1644619671542788195 1644619672973045827 1644619674592047132 1644619676206854155 
1644619668137013335 1644619668321562670 1644619674592047132 1644619676206854155 1644619676273963042 
1644619668137013335 1644619668321562670 1644619671542788195 1644619674592047132 1644619676206854155 1644619676273963042 
1644619668137013335 1644619668321562670 1644619671542788195 1644619674592047132 1644619676273963042 
1644619668137013335 1644619668321562670 1644619671542788195 1644619676206854155 1644619676273963042 
1644619668321562670 1644619671542788195 1644619674592047132 1644619676206854155 1644619676273963042 
1644619666186661916 1644619668321562670 1644619674592047132 1644619676206854155 1644619680430518296 
1644619666186661916 1644619668321562670 1644619671542788195 1644619674592047132 1644619676206854155 1644619680430518296 
1644619666186661916 1644619668321562670 1644619671542788195 1644619674592047132 1644619680430518296 
1644619666186661916 1644619668321562670 1644619671542788195 1644619676206854155 1644619680430518296 
1644619666186661916 1644619668137013335 1644619668321562670 1644619674592047132 1644619677309956223 
1644619666186661916 1644619668137013335 1644619668321562670 1644619674592047132 1644619676206854155 1644619677309956223 
1644619666186661916 1644619668137013335 1644619668321562670 1644619671542788195 1644619674592047132 1644619676206854155 1644619677309956223 
1644619666186661916 1644619668137013335 1644619668321562670 1644619671542788195 1644619674592047132 1644619677309956223 
1644619666186661916 1644619668137013335 1644619668321562670 1644619676206854155 1644619677309956223 
1644619666186661916 1644619668137013335 1644619668321562670 1644619671542788195 1644619676206854155 1644619677309956223 
1644619666186661916 1644619668137013335 1644619668321562670 1644619671542788195 1644619677309956223 
1644619666186661916 1644619668321562670 1644619674592047132 1644619676206854155 1644619677309956223 
1644619666186661916 1644619668321562670 1644619671542788195 1644619674592047132 1644619676206854155 1644619677309956223 
1644619666186661916 1644619668321562670 1644619671542788195 1644619674592047132 1644619677309956223 
1644619666186661916 1644619668321562670 1644619671542788195 1644619676206854155 1644619677309956223 
1644619666186661916 1644619668137013335 1644619668321562670 1644619674592047132 1644619676206854155 
1644619666186661916 1644619668137013335 1644619668321562670 1644619671542788195 1644619674592047132 1644619676206854155 
1644619666186661916 1644619668137013335 1644619668321562670 1644619671542788195 1644619674592047132 
1644619666186661916 1644619668137013335 1644619668321562670 1644619671542788195 1644619676206854155 
1644619666186661916 1644619668321562670 1644619671542788195 1644619674592047132 1644619676206854155 
1644619668137013335 1644619668321562670 1644619674592047132 1644619677309956223 1644619680430518296 
1644619668137013335 1644619668321562670 1644619674592047132 1644619676206854155 1644619677309956223 1644619680430518296 
1644619668137013335 1644619668321562670 1644619671542788195 1644619674592047132 1644619676206854155 1644619677309956223 1644619680430518296 
1644619668137013335 1644619668321562670 1644619671542788195 1644619674592047132 1644619677309956223 1644619680430518296 
1644619668137013335 1644619668321562670 1644619676206854155 1644619677309956223 1644619680430518296 
1644619668137013335 1644619668321562670 1644619671542788195 1644619676206854155 1644619677309956223 1644619680430518296 
1644619668137013335 1644619668321562670 1644619671542788195 1644619677309956223 1644619680430518296 
1644619668321562670 1644619674592047132 1644619676206854155 1644619677309956223 1644619680430518296 
1644619668321562670 1644619671542788195 1644619674592047132 1644619676206854155 1644619677309956223 1644619680430518296 
1644619668321562670 1644619671542788195 1644619674592047132 1644619677309956223 1644619680430518296 
1644619668321562670 1644619671542788195 1644619676206854155 1644619677309956223 1644619680430518296 
1644619668137013335 1644619668321562670 1644619674592047132 1644619676206854155 1644619680430518296 
1644619668137013335 1644619668321562670 1644619671542788195 1644619674592047132 1644619676206854155 1644619680430518296 
1644619668137013335 1644619668321562670 1644619671542788195 1644619674592047132 1644619680430518296 
1644619668137013335 1644619668321562670 1644619671542788195 1644619676206854155 1644619680430518296 
1644619668321562670 1644619671542788195 1644619674592047132 1644619676206854155 1644619680430518296 
1644619668137013335 1644619668321562670 1644619674592047132 1644619676206854155 1644619677309956223 
1644619668137013335 1644619668321562670 1644619671542788195 1644619674592047132 1644619676206854155 1644619677309956223 
1644619668137013335 1644619668321562670 1644619671542788195 1644619674592047132 1644619677309956223 
1644619668137013335 1644619668321562670 1644619671542788195 1644619676206854155 1644619677309956223 
1644619668321562670 1644619671542788195 1644619674592047132 1644619676206854155 1644619677309956223 
1644619668137013335 1644619668321562670 1644619671542788195 1644619674592047132 1644619676206854155 
1644619666186661916 1644619671542788195 1644619676206854155 1644619676273963042 1644619680430518296 
1644619666186661916 1644619668137013335 1644619676206854155 1644619676273963042 1644619677309956223 
1644619666186661916 1644619668137013335 1644619671542788195 1644619676206854155 1644619676273963042 1644619677309956223 
1644619666186661916 1644619668137013335 1644619671542788195 1644619676273963042 1644619677309956223 
1644619666186661916 1644619674592047132 1644619676206854155 1644619676273963042 1644619677309956223 
1644619666186661916 1644619671542788195 1644619674592047132 1644619676206854155 1644619676273963042 1644619677309956223 
1644619666186661916 1644619671542788195 1644619674592047132 1644619676273963042 1644619677309956223 
1644619666186661916 1644619671542788195 1644619676206854155 1644619676273963042 1644619677309956223 
1644619666186661916 1644619668137013335 1644619674592047132 1644619676206854155 1644619676273963042 
1644619666186661916 1644619668137013335 1644619671542788195 1644619674592047132 1644619676206854155 1644619676273963042 
1644619666186661916 1644619668137013335 1644619671542788195 1644619674592047132 1644619676273963042 
1644619666186661916 1644619668137013335 1644619671542788195 1644619676206854155 1644619676273963042 
1644619666186661916 1644619671542788195 1644619674592047132 1644619676206854155 1644619676273963042 
1644619668137013335 1644619676206854155 1644619676273963042 1644619677309956223 1644619680430518296 
1644619668137013335 1644619671542788195 1644619676206854155 1644619676273963042 1644619677309956223 1644619680430518296 
1644619668137013335 1644619671542788195 1644619676273963042 1644619677309956223 1644619680430518296 
1644619674592047132 1644619676206854155 1644619676273963042 1644619677309956223 1644619680430518296 
1644619671542788195 1644619674592047132 1644619676206854155 1644619676273963042 1644619677309956223 1644619680430518296 
1644619671542788195 1644619674592047132 1644619676273963042 1644619677309956223 1644619680430518296 
1644619671542788195 1644619676206854155 1644619676273963042 1644619677309956223 1644619680430518296 
1644619668137013335 1644619674592047132 1644619676206854155 1644619676273963042 1644619680430518296 
1644619668137013335 1644619671542788195 1644619674592047132 1644619676206854155 1644619676273963042 1644619680430518296 
1644619668137013335 1644619671542788195 1644619674592047132 1644619676273963042 1644619680430518296 
1644619668137013335 1644619671542788195 1644619676206854155 1644619676273963042 1644619680430518296 
1644619671542788195 1644619674592047132 1644619676206854155 1644619676273963042 1644619680430518296 
1644619668137013335 1644619674592047132 1644619676206854155 1644619676273963042 1644619677309956223 
1644619668137013335 1644619671542788195 1644619674592047132 1644619676206854155 1644619676273963042 1644619677309956223 
1644619668137013335 1644619671542788195 1644619674592047132 1644619676273963042 1644619677309956223 
1644619668137013335 1644619671542788195 1644619676206854155 1644619676273963042 1644619677309956223 
1644619671542788195 1644619674592047132 1644619676206854155 1644619676273963042 1644619677309956223 
1644619668137013335 1644619671542788195 1644619674592047132 1644619676206854155 1644619676273963042 
1644619666186661916 1644619674592047132 1644619676206854155 1644619677309956223 1644619680430518296 
1644619666186661916 1644619671542788195 1644619674592047132 1644619676206854155 1644619677309956223 1644619680430518296 
1644619666186661916 1644619671542788195 1644619674592047132 1644619677309956223 1644619680430518296 
1644619666186661916 1644619671542788195 1644619676206854155 1644619677309956223 1644619680430518296 
1644619666186661916 1644619668137013335 1644619674592047132 1644619676206854155 1644619680430518296 
1644619666186661916 1644619668137013335 1644619671542788195 1644619674592047132 1644619676206854155 1644619680430518296 
1644619666186661916 1644619668137013335 1644619671542788195 1644619674592047132 1644619680430518296 
1644619666186661916 1644619668137013335 1644619671542788195 1644619676206854155 1644619680430518296 
1644619666186661916 1644619671542788195 1644619674592047132 1644619676206854155 1644619680430518296 
1644619666186661916 1644619668137013335 1644619674592047132 1644619676206854155 1644619677309956223 
1644619666186661916 1644619668137013335 1644619671542788195 1644619674592047132 1644619676206854155 1644619677309956223 
1644619666186661916 1644619668137013335 1644619671542788195 1644619674592047132 1644619677309956223 
1644619666186661916 1644619668137013335 1644619671542788195 1644619676206854155 1644619677309956223 
1644619666186661916 1644619671542788195 1644619674592047132 1644619676206854155 1644619677309956223 
1644619666186661916 1644619668137013335 1644619671542788195 1644619674592047132 1644619676206854155 
1644619668137013335 1644619674592047132 1644619676206854155 1644619677309956223 1644619680430518296 
1644619668137013335 1644619671542788195 1644619674592047132 1644619676206854155 1644619677309956223 1644619680430518296 
1644619668137013335 1644619671542788195 1644619674592047132 1644619677309956223 1644619680430518296 
1644619668137013335 1644619671542788195 1644619676206854155 1644619677309956223 1644619680430518296 
1644619671542788195 1644619674592047132 1644619676206854155 1644619677309956223 1644619680430518296 
1644619668137013335 1644619671542788195 1644619674592047132 1644619676206854155 1644619680430518296 
1644619668137013335 1644619671542788195 1644619674592047132 1644619676206854155 1644619677309956223 
